<?xml version="1.0" encoding="utf-8"?>
<opencv_storage>
   <camera-matrix type_id="opencv-matrix">
      <rows>3</rows>
      <cols>3</cols>
      <dt>d</dt>
      <data>919.7042437877246400 0.0000000000000000 650.7398315010846100 
0.0000000000000000 919.5419571882125600 357.4434369515879600 
0.0000000000000000 0.0000000000000000 1.0000000000000000 
</data>
   </camera-matrix>
   <distortion type_id="opencv-matrix">
      <rows>5</rows>
      <cols>1</cols>
      <dt>d</dt>
      <data>0.1404222045518722 -0.3667378093718407 0.0001770626482966 -0.0004324898570891 0.2103676852270949 </data>
   </distortion>
</opencv_storage>